// Auto-generated by export_dfm_for_web.R
// Do not edit manually — re-run the R script to update.
window.DFM_DATA = {"meta":{"description":"Mixed-frequency DFM — Uzbekistan GDP Nowcasting","start_date":"2016-01-01","n_factors":1,"n_vars":36,"n_monthly":35,"n_quarterly":1,"months_ahead":3,"converged":true,"n_iter":155,"loglik":3157.2246,"exported_at":"2026-04-08 10:09:12","last_data_date":"2025-12-01"},"params":{"C":[[0.09719737,0,0,0,0,1,0,0,0,0,0,0,0,0,0,0,0,0,0,0,0,0,0,0,0,0,0,0,0,0,0,0,0,0,0,0,0,0,0,0,0,0,0,0,0],[0.02227676,0,0,0,0,0,1,0,0,0,0,0,0,0,0,0,0,0,0,0,0,0,0,0,0,0,0,0,0,0,0,0,0,0,0,0,0,0,0,0,0,0,0,0,0],[-0.009665,0,0,0,0,0,0,1,0,0,0,0,0,0,0,0,0,0,0,0,0,0,0,0,0,0,0,0,0,0,0,0,0,0,0,0,0,0,0,0,0,0,0,0,0],[-0.01827422,0,0,0,0,0,0,0,1,0,0,0,0,0,0,0,0,0,0,0,0,0,0,0,0,0,0,0,0,0,0,0,0,0,0,0,0,0,0,0,0,0,0,0,0],[-0.0274312,0,0,0,0,0,0,0,0,1,0,0,0,0,0,0,0,0,0,0,0,0,0,0,0,0,0,0,0,0,0,0,0,0,0,0,0,0,0,0,0,0,0,0,0],[0.0893811,0,0,0,0,0,0,0,0,0,1,0,0,0,0,0,0,0,0,0,0,0,0,0,0,0,0,0,0,0,0,0,0,0,0,0,0,0,0,0,0,0,0,0,0],[0.23501714,0,0,0,0,0,0,0,0,0,0,1,0,0,0,0,0,0,0,0,0,0,0,0,0,0,0,0,0,0,0,0,0,0,0,0,0,0,0,0,0,0,0,0,0],[0.00061205,0,0,0,0,0,0,0,0,0,0,0,1,0,0,0,0,0,0,0,0,0,0,0,0,0,0,0,0,0,0,0,0,0,0,0,0,0,0,0,0,0,0,0,0],[0.00047696,0,0,0,0,0,0,0,0,0,0,0,0,1,0,0,0,0,0,0,0,0,0,0,0,0,0,0,0,0,0,0,0,0,0,0,0,0,0,0,0,0,0,0,0],[0.00012238,0,0,0,0,0,0,0,0,0,0,0,0,0,1,0,0,0,0,0,0,0,0,0,0,0,0,0,0,0,0,0,0,0,0,0,0,0,0,0,0,0,0,0,0],[-0.08820429,0,0,0,0,0,0,0,0,0,0,0,0,0,0,1,0,0,0,0,0,0,0,0,0,0,0,0,0,0,0,0,0,0,0,0,0,0,0,0,0,0,0,0,0],[-0.09066896,0,0,0,0,0,0,0,0,0,0,0,0,0,0,0,1,0,0,0,0,0,0,0,0,0,0,0,0,0,0,0,0,0,0,0,0,0,0,0,0,0,0,0,0],[0.00217689,0,0,0,0,0,0,0,0,0,0,0,0,0,0,0,0,1,0,0,0,0,0,0,0,0,0,0,0,0,0,0,0,0,0,0,0,0,0,0,0,0,0,0,0],[-0.04674613,0,0,0,0,0,0,0,0,0,0,0,0,0,0,0,0,0,1,0,0,0,0,0,0,0,0,0,0,0,0,0,0,0,0,0,0,0,0,0,0,0,0,0,0],[-0.02644315,0,0,0,0,0,0,0,0,0,0,0,0,0,0,0,0,0,0,1,0,0,0,0,0,0,0,0,0,0,0,0,0,0,0,0,0,0,0,0,0,0,0,0,0],[0.00115215,0,0,0,0,0,0,0,0,0,0,0,0,0,0,0,0,0,0,0,1,0,0,0,0,0,0,0,0,0,0,0,0,0,0,0,0,0,0,0,0,0,0,0,0],[0.22965094,0,0,0,0,0,0,0,0,0,0,0,0,0,0,0,0,0,0,0,0,1,0,0,0,0,0,0,0,0,0,0,0,0,0,0,0,0,0,0,0,0,0,0,0],[0.39350334,0,0,0,0,0,0,0,0,0,0,0,0,0,0,0,0,0,0,0,0,0,1,0,0,0,0,0,0,0,0,0,0,0,0,0,0,0,0,0,0,0,0,0,0],[0.36966861,0,0,0,0,0,0,0,0,0,0,0,0,0,0,0,0,0,0,0,0,0,0,1,0,0,0,0,0,0,0,0,0,0,0,0,0,0,0,0,0,0,0,0,0],[0.40541655,0,0,0,0,0,0,0,0,0,0,0,0,0,0,0,0,0,0,0,0,0,0,0,1,0,0,0,0,0,0,0,0,0,0,0,0,0,0,0,0,0,0,0,0],[0.05435501,0,0,0,0,0,0,0,0,0,0,0,0,0,0,0,0,0,0,0,0,0,0,0,0,1,0,0,0,0,0,0,0,0,0,0,0,0,0,0,0,0,0,0,0],[0.02294972,0,0,0,0,0,0,0,0,0,0,0,0,0,0,0,0,0,0,0,0,0,0,0,0,0,1,0,0,0,0,0,0,0,0,0,0,0,0,0,0,0,0,0,0],[0.03605794,0,0,0,0,0,0,0,0,0,0,0,0,0,0,0,0,0,0,0,0,0,0,0,0,0,0,1,0,0,0,0,0,0,0,0,0,0,0,0,0,0,0,0,0],[0.05455595,0,0,0,0,0,0,0,0,0,0,0,0,0,0,0,0,0,0,0,0,0,0,0,0,0,0,0,1,0,0,0,0,0,0,0,0,0,0,0,0,0,0,0,0],[0.00704419,0,0,0,0,0,0,0,0,0,0,0,0,0,0,0,0,0,0,0,0,0,0,0,0,0,0,0,0,1,0,0,0,0,0,0,0,0,0,0,0,0,0,0,0],[0.3812731,0,0,0,0,0,0,0,0,0,0,0,0,0,0,0,0,0,0,0,0,0,0,0,0,0,0,0,0,0,1,0,0,0,0,0,0,0,0,0,0,0,0,0,0],[0.21674076,0,0,0,0,0,0,0,0,0,0,0,0,0,0,0,0,0,0,0,0,0,0,0,0,0,0,0,0,0,0,1,0,0,0,0,0,0,0,0,0,0,0,0,0],[0.22364096,0,0,0,0,0,0,0,0,0,0,0,0,0,0,0,0,0,0,0,0,0,0,0,0,0,0,0,0,0,0,0,1,0,0,0,0,0,0,0,0,0,0,0,0],[0.20880247,0,0,0,0,0,0,0,0,0,0,0,0,0,0,0,0,0,0,0,0,0,0,0,0,0,0,0,0,0,0,0,0,1,0,0,0,0,0,0,0,0,0,0,0],[0.00449206,0,0,0,0,0,0,0,0,0,0,0,0,0,0,0,0,0,0,0,0,0,0,0,0,0,0,0,0,0,0,0,0,0,1,0,0,0,0,0,0,0,0,0,0],[0.0427294,0,0,0,0,0,0,0,0,0,0,0,0,0,0,0,0,0,0,0,0,0,0,0,0,0,0,0,0,0,0,0,0,0,0,1,0,0,0,0,0,0,0,0,0],[0.01925568,0,0,0,0,0,0,0,0,0,0,0,0,0,0,0,0,0,0,0,0,0,0,0,0,0,0,0,0,0,0,0,0,0,0,0,1,0,0,0,0,0,0,0,0],[0.01020469,0,0,0,0,0,0,0,0,0,0,0,0,0,0,0,0,0,0,0,0,0,0,0,0,0,0,0,0,0,0,0,0,0,0,0,0,1,0,0,0,0,0,0,0],[0.31869253,0,0,0,0,0,0,0,0,0,0,0,0,0,0,0,0,0,0,0,0,0,0,0,0,0,0,0,0,0,0,0,0,0,0,0,0,0,1,0,0,0,0,0,0],[0.0445763,0,0,0,0,0,0,0,0,0,0,0,0,0,0,0,0,0,0,0,0,0,0,0,0,0,0,0,0,0,0,0,0,0,0,0,0,0,0,1,0,0,0,0,0],[0.03863895,0.0772779,0.11591684,0.0772779,0.03863895,0,0,0,0,0,0,0,0,0,0,0,0,0,0,0,0,0,0,0,0,0,0,0,0,0,0,0,0,0,0,0,0,0,0,0,1,2,3,2,1]],"A":[[-0.15608435,0,0,0,0,0,0,0,0,0,0,0,0,0,0,0,0,0,0,0,0,0,0,0,0,0,0,0,0,0,0,0,0,0,0,0,0,0,0,0,0,0,0,0,0],[1,0,0,0,0,0,0,0,0,0,0,0,0,0,0,0,0,0,0,0,0,0,0,0,0,0,0,0,0,0,0,0,0,0,0,0,0,0,0,0,0,0,0,0,0],[0,1,0,0,0,0,0,0,0,0,0,0,0,0,0,0,0,0,0,0,0,0,0,0,0,0,0,0,0,0,0,0,0,0,0,0,0,0,0,0,0,0,0,0,0],[0,0,1,0,0,0,0,0,0,0,0,0,0,0,0,0,0,0,0,0,0,0,0,0,0,0,0,0,0,0,0,0,0,0,0,0,0,0,0,0,0,0,0,0,0],[0,0,0,1,0,0,0,0,0,0,0,0,0,0,0,0,0,0,0,0,0,0,0,0,0,0,0,0,0,0,0,0,0,0,0,0,0,0,0,0,0,0,0,0,0],[0,0,0,0,0,-0.31694752,0,0,0,0,0,0,0,0,0,0,0,0,0,0,0,0,0,0,0,0,0,0,0,0,0,0,0,0,0,0,0,0,0,0,0,0,0,0,0],[0,0,0,0,0,0,0.15738657,0,0,0,0,0,0,0,0,0,0,0,0,0,0,0,0,0,0,0,0,0,0,0,0,0,0,0,0,0,0,0,0,0,0,0,0,0,0],[0,0,0,0,0,0,0,0.28525166,0,0,0,0,0,0,0,0,0,0,0,0,0,0,0,0,0,0,0,0,0,0,0,0,0,0,0,0,0,0,0,0,0,0,0,0,0],[0,0,0,0,0,0,0,0,-0.10275037,0,0,0,0,0,0,0,0,0,0,0,0,0,0,0,0,0,0,0,0,0,0,0,0,0,0,0,0,0,0,0,0,0,0,0,0],[0,0,0,0,0,0,0,0,0,-0.06837266,0,0,0,0,0,0,0,0,0,0,0,0,0,0,0,0,0,0,0,0,0,0,0,0,0,0,0,0,0,0,0,0,0,0,0],[0,0,0,0,0,0,0,0,0,0,0.09280746,0,0,0,0,0,0,0,0,0,0,0,0,0,0,0,0,0,0,0,0,0,0,0,0,0,0,0,0,0,0,0,0,0,0],[0,0,0,0,0,0,0,0,0,0,0,-0.17597427,0,0,0,0,0,0,0,0,0,0,0,0,0,0,0,0,0,0,0,0,0,0,0,0,0,0,0,0,0,0,0,0,0],[0,0,0,0,0,0,0,0,0,0,0,0,-0.47120139,0,0,0,0,0,0,0,0,0,0,0,0,0,0,0,0,0,0,0,0,0,0,0,0,0,0,0,0,0,0,0,0],[0,0,0,0,0,0,0,0,0,0,0,0,0,0.1058748,0,0,0,0,0,0,0,0,0,0,0,0,0,0,0,0,0,0,0,0,0,0,0,0,0,0,0,0,0,0,0],[0,0,0,0,0,0,0,0,0,0,0,0,0,0,-0.25581075,0,0,0,0,0,0,0,0,0,0,0,0,0,0,0,0,0,0,0,0,0,0,0,0,0,0,0,0,0,0],[0,0,0,0,0,0,0,0,0,0,0,0,0,0,0,0.29588758,0,0,0,0,0,0,0,0,0,0,0,0,0,0,0,0,0,0,0,0,0,0,0,0,0,0,0,0,0],[0,0,0,0,0,0,0,0,0,0,0,0,0,0,0,0,-0.09449195,0,0,0,0,0,0,0,0,0,0,0,0,0,0,0,0,0,0,0,0,0,0,0,0,0,0,0,0],[0,0,0,0,0,0,0,0,0,0,0,0,0,0,0,0,0,0.08970232,0,0,0,0,0,0,0,0,0,0,0,0,0,0,0,0,0,0,0,0,0,0,0,0,0,0,0],[0,0,0,0,0,0,0,0,0,0,0,0,0,0,0,0,0,0,-0.13329775,0,0,0,0,0,0,0,0,0,0,0,0,0,0,0,0,0,0,0,0,0,0,0,0,0,0],[0,0,0,0,0,0,0,0,0,0,0,0,0,0,0,0,0,0,0,0.14831153,0,0,0,0,0,0,0,0,0,0,0,0,0,0,0,0,0,0,0,0,0,0,0,0,0],[0,0,0,0,0,0,0,0,0,0,0,0,0,0,0,0,0,0,0,0,0.19770718,0,0,0,0,0,0,0,0,0,0,0,0,0,0,0,0,0,0,0,0,0,0,0,0],[0,0,0,0,0,0,0,0,0,0,0,0,0,0,0,0,0,0,0,0,0,-0.29570429,0,0,0,0,0,0,0,0,0,0,0,0,0,0,0,0,0,0,0,0,0,0,0],[0,0,0,0,0,0,0,0,0,0,0,0,0,0,0,0,0,0,0,0,0,0,-0.50695508,0,0,0,0,0,0,0,0,0,0,0,0,0,0,0,0,0,0,0,0,0,0],[0,0,0,0,0,0,0,0,0,0,0,0,0,0,0,0,0,0,0,0,0,0,0,-0.39616752,0,0,0,0,0,0,0,0,0,0,0,0,0,0,0,0,0,0,0,0,0],[0,0,0,0,0,0,0,0,0,0,0,0,0,0,0,0,0,0,0,0,0,0,0,0,-0.36062895,0,0,0,0,0,0,0,0,0,0,0,0,0,0,0,0,0,0,0,0],[0,0,0,0,0,0,0,0,0,0,0,0,0,0,0,0,0,0,0,0,0,0,0,0,0,-0.36709356,0,0,0,0,0,0,0,0,0,0,0,0,0,0,0,0,0,0,0],[0,0,0,0,0,0,0,0,0,0,0,0,0,0,0,0,0,0,0,0,0,0,0,0,0,0,0.05356511,0,0,0,0,0,0,0,0,0,0,0,0,0,0,0,0,0,0],[0,0,0,0,0,0,0,0,0,0,0,0,0,0,0,0,0,0,0,0,0,0,0,0,0,0,0,-0.47377558,0,0,0,0,0,0,0,0,0,0,0,0,0,0,0,0,0],[0,0,0,0,0,0,0,0,0,0,0,0,0,0,0,0,0,0,0,0,0,0,0,0,0,0,0,0,-0.61371937,0,0,0,0,0,0,0,0,0,0,0,0,0,0,0,0],[0,0,0,0,0,0,0,0,0,0,0,0,0,0,0,0,0,0,0,0,0,0,0,0,0,0,0,0,0,-0.48287248,0,0,0,0,0,0,0,0,0,0,0,0,0,0,0],[0,0,0,0,0,0,0,0,0,0,0,0,0,0,0,0,0,0,0,0,0,0,0,0,0,0,0,0,0,0,-0.28638594,0,0,0,0,0,0,0,0,0,0,0,0,0,0],[0,0,0,0,0,0,0,0,0,0,0,0,0,0,0,0,0,0,0,0,0,0,0,0,0,0,0,0,0,0,0,-0.16891198,0,0,0,0,0,0,0,0,0,0,0,0,0],[0,0,0,0,0,0,0,0,0,0,0,0,0,0,0,0,0,0,0,0,0,0,0,0,0,0,0,0,0,0,0,0,-0.13289207,0,0,0,0,0,0,0,0,0,0,0,0],[0,0,0,0,0,0,0,0,0,0,0,0,0,0,0,0,0,0,0,0,0,0,0,0,0,0,0,0,0,0,0,0,0,-0.15397568,0,0,0,0,0,0,0,0,0,0,0],[0,0,0,0,0,0,0,0,0,0,0,0,0,0,0,0,0,0,0,0,0,0,0,0,0,0,0,0,0,0,0,0,0,0,0.06915319,0,0,0,0,0,0,0,0,0,0],[0,0,0,0,0,0,0,0,0,0,0,0,0,0,0,0,0,0,0,0,0,0,0,0,0,0,0,0,0,0,0,0,0,0,0,-0.58160886,0,0,0,0,0,0,0,0,0],[0,0,0,0,0,0,0,0,0,0,0,0,0,0,0,0,0,0,0,0,0,0,0,0,0,0,0,0,0,0,0,0,0,0,0,0,-0.33946799,0,0,0,0,0,0,0,0],[0,0,0,0,0,0,0,0,0,0,0,0,0,0,0,0,0,0,0,0,0,0,0,0,0,0,0,0,0,0,0,0,0,0,0,0,0,-0.51450895,0,0,0,0,0,0,0],[0,0,0,0,0,0,0,0,0,0,0,0,0,0,0,0,0,0,0,0,0,0,0,0,0,0,0,0,0,0,0,0,0,0,0,0,0,0,-0.49614252,0,0,0,0,0,0],[0,0,0,0,0,0,0,0,0,0,0,0,0,0,0,0,0,0,0,0,0,0,0,0,0,0,0,0,0,0,0,0,0,0,0,0,0,0,0,-0.14129239,0,0,0,0,0],[0,0,0,0,0,0,0,0,0,0,0,0,0,0,0,0,0,0,0,0,0,0,0,0,0,0,0,0,0,0,0,0,0,0,0,0,0,0,0,0,-0.90958903,0,0,0,0],[0,0,0,0,0,0,0,0,0,0,0,0,0,0,0,0,0,0,0,0,0,0,0,0,0,0,0,0,0,0,0,0,0,0,0,0,0,0,0,0,1,0,0,0,0],[0,0,0,0,0,0,0,0,0,0,0,0,0,0,0,0,0,0,0,0,0,0,0,0,0,0,0,0,0,0,0,0,0,0,0,0,0,0,0,0,0,1,0,0,0],[0,0,0,0,0,0,0,0,0,0,0,0,0,0,0,0,0,0,0,0,0,0,0,0,0,0,0,0,0,0,0,0,0,0,0,0,0,0,0,0,0,0,1,0,0],[0,0,0,0,0,0,0,0,0,0,0,0,0,0,0,0,0,0,0,0,0,0,0,0,0,0,0,0,0,0,0,0,0,0,0,0,0,0,0,0,0,0,0,1,0]],"Q_diag":[1.10409034,0,0,0,0,0.74412144,2.43461075e-06,0.00116683,0.00190576,0.97330214,1.01784553,0.85731546,0.00026691,1.48894205e-06,0.00037002,0.88368012,0.97202555,0.00757961,0.93927908,0.9679922,2.95640674e-06,0.89446726,0.69749931,0.81593379,0.85641057,0.04691232,2.83628907e-06,0.74080894,0.00157606,0.0003508,0.57696109,0.76458216,0.62289532,0.95078525,3.86184795e-06,0.67318958,0.87817391,0.00370264,0.57096544,0.97516227,0.094677,0,0,0,0],"R_diag":[0.0001,0.0001,0.0001,0.0001,0.0001,0.0001,0.0001,0.0001,0.0001,0.0001,0.0001,0.0001,0.0001,0.0001,0.0001,0.0001,0.0001,0.0001,0.0001,0.0001,0.0001,0.0001,0.0001,0.0001,0.0001,0.0001,0.0001,0.0001,0.0001,0.0001,0.0001,0.0001,0.0001,0.0001,0.0001,0.0001],"Q":[[1.10409034,0,0,0,0,0,0,0,0,0,0,0,0,0,0,0,0,0,0,0,0,0,0,0,0,0,0,0,0,0,0,0,0,0,0,0,0,0,0,0,0,0,0,0,0],[0,0,0,0,0,0,0,0,0,0,0,0,0,0,0,0,0,0,0,0,0,0,0,0,0,0,0,0,0,0,0,0,0,0,0,0,0,0,0,0,0,0,0,0,0],[0,0,0,0,0,0,0,0,0,0,0,0,0,0,0,0,0,0,0,0,0,0,0,0,0,0,0,0,0,0,0,0,0,0,0,0,0,0,0,0,0,0,0,0,0],[0,0,0,0,0,0,0,0,0,0,0,0,0,0,0,0,0,0,0,0,0,0,0,0,0,0,0,0,0,0,0,0,0,0,0,0,0,0,0,0,0,0,0,0,0],[0,0,0,0,0,0,0,0,0,0,0,0,0,0,0,0,0,0,0,0,0,0,0,0,0,0,0,0,0,0,0,0,0,0,0,0,0,0,0,0,0,0,0,0,0],[0,0,0,0,0,0.74412144,0,0,0,0,0,0,0,0,0,0,0,0,0,0,0,0,0,0,0,0,0,0,0,0,0,0,0,0,0,0,0,0,0,0,0,0,0,0,0],[0,0,0,0,0,0,2.43461075e-06,0,0,0,0,0,0,0,0,0,0,0,0,0,0,0,0,0,0,0,0,0,0,0,0,0,0,0,0,0,0,0,0,0,0,0,0,0,0],[0,0,0,0,0,0,0,0.00116683,0,0,0,0,0,0,0,0,0,0,0,0,0,0,0,0,0,0,0,0,0,0,0,0,0,0,0,0,0,0,0,0,0,0,0,0,0],[0,0,0,0,0,0,0,0,0.00190576,0,0,0,0,0,0,0,0,0,0,0,0,0,0,0,0,0,0,0,0,0,0,0,0,0,0,0,0,0,0,0,0,0,0,0,0],[0,0,0,0,0,0,0,0,0,0.97330214,0,0,0,0,0,0,0,0,0,0,0,0,0,0,0,0,0,0,0,0,0,0,0,0,0,0,0,0,0,0,0,0,0,0,0],[0,0,0,0,0,0,0,0,0,0,1.01784553,0,0,0,0,0,0,0,0,0,0,0,0,0,0,0,0,0,0,0,0,0,0,0,0,0,0,0,0,0,0,0,0,0,0],[0,0,0,0,0,0,0,0,0,0,0,0.85731546,0,0,0,0,0,0,0,0,0,0,0,0,0,0,0,0,0,0,0,0,0,0,0,0,0,0,0,0,0,0,0,0,0],[0,0,0,0,0,0,0,0,0,0,0,0,0.00026691,0,0,0,0,0,0,0,0,0,0,0,0,0,0,0,0,0,0,0,0,0,0,0,0,0,0,0,0,0,0,0,0],[0,0,0,0,0,0,0,0,0,0,0,0,0,1.48894205e-06,0,0,0,0,0,0,0,0,0,0,0,0,0,0,0,0,0,0,0,0,0,0,0,0,0,0,0,0,0,0,0],[0,0,0,0,0,0,0,0,0,0,0,0,0,0,0.00037002,0,0,0,0,0,0,0,0,0,0,0,0,0,0,0,0,0,0,0,0,0,0,0,0,0,0,0,0,0,0],[0,0,0,0,0,0,0,0,0,0,0,0,0,0,0,0.88368012,0,0,0,0,0,0,0,0,0,0,0,0,0,0,0,0,0,0,0,0,0,0,0,0,0,0,0,0,0],[0,0,0,0,0,0,0,0,0,0,0,0,0,0,0,0,0.97202555,0,0,0,0,0,0,0,0,0,0,0,0,0,0,0,0,0,0,0,0,0,0,0,0,0,0,0,0],[0,0,0,0,0,0,0,0,0,0,0,0,0,0,0,0,0,0.00757961,0,0,0,0,0,0,0,0,0,0,0,0,0,0,0,0,0,0,0,0,0,0,0,0,0,0,0],[0,0,0,0,0,0,0,0,0,0,0,0,0,0,0,0,0,0,0.93927908,0,0,0,0,0,0,0,0,0,0,0,0,0,0,0,0,0,0,0,0,0,0,0,0,0,0],[0,0,0,0,0,0,0,0,0,0,0,0,0,0,0,0,0,0,0,0.9679922,0,0,0,0,0,0,0,0,0,0,0,0,0,0,0,0,0,0,0,0,0,0,0,0,0],[0,0,0,0,0,0,0,0,0,0,0,0,0,0,0,0,0,0,0,0,2.95640674e-06,0,0,0,0,0,0,0,0,0,0,0,0,0,0,0,0,0,0,0,0,0,0,0,0],[0,0,0,0,0,0,0,0,0,0,0,0,0,0,0,0,0,0,0,0,0,0.89446726,0,0,0,0,0,0,0,0,0,0,0,0,0,0,0,0,0,0,0,0,0,0,0],[0,0,0,0,0,0,0,0,0,0,0,0,0,0,0,0,0,0,0,0,0,0,0.69749931,0,0,0,0,0,0,0,0,0,0,0,0,0,0,0,0,0,0,0,0,0,0],[0,0,0,0,0,0,0,0,0,0,0,0,0,0,0,0,0,0,0,0,0,0,0,0.81593379,0,0,0,0,0,0,0,0,0,0,0,0,0,0,0,0,0,0,0,0,0],[0,0,0,0,0,0,0,0,0,0,0,0,0,0,0,0,0,0,0,0,0,0,0,0,0.85641057,0,0,0,0,0,0,0,0,0,0,0,0,0,0,0,0,0,0,0,0],[0,0,0,0,0,0,0,0,0,0,0,0,0,0,0,0,0,0,0,0,0,0,0,0,0,0.04691232,0,0,0,0,0,0,0,0,0,0,0,0,0,0,0,0,0,0,0],[0,0,0,0,0,0,0,0,0,0,0,0,0,0,0,0,0,0,0,0,0,0,0,0,0,0,2.83628907e-06,0,0,0,0,0,0,0,0,0,0,0,0,0,0,0,0,0,0],[0,0,0,0,0,0,0,0,0,0,0,0,0,0,0,0,0,0,0,0,0,0,0,0,0,0,0,0.74080894,0,0,0,0,0,0,0,0,0,0,0,0,0,0,0,0,0],[0,0,0,0,0,0,0,0,0,0,0,0,0,0,0,0,0,0,0,0,0,0,0,0,0,0,0,0,0.00157606,0,0,0,0,0,0,0,0,0,0,0,0,0,0,0,0],[0,0,0,0,0,0,0,0,0,0,0,0,0,0,0,0,0,0,0,0,0,0,0,0,0,0,0,0,0,0.0003508,0,0,0,0,0,0,0,0,0,0,0,0,0,0,0],[0,0,0,0,0,0,0,0,0,0,0,0,0,0,0,0,0,0,0,0,0,0,0,0,0,0,0,0,0,0,0.57696109,0,0,0,0,0,0,0,0,0,0,0,0,0,0],[0,0,0,0,0,0,0,0,0,0,0,0,0,0,0,0,0,0,0,0,0,0,0,0,0,0,0,0,0,0,0,0.76458216,0,0,0,0,0,0,0,0,0,0,0,0,0],[0,0,0,0,0,0,0,0,0,0,0,0,0,0,0,0,0,0,0,0,0,0,0,0,0,0,0,0,0,0,0,0,0.62289532,0,0,0,0,0,0,0,0,0,0,0,0],[0,0,0,0,0,0,0,0,0,0,0,0,0,0,0,0,0,0,0,0,0,0,0,0,0,0,0,0,0,0,0,0,0,0.95078525,0,0,0,0,0,0,0,0,0,0,0],[0,0,0,0,0,0,0,0,0,0,0,0,0,0,0,0,0,0,0,0,0,0,0,0,0,0,0,0,0,0,0,0,0,0,3.86184795e-06,0,0,0,0,0,0,0,0,0,0],[0,0,0,0,0,0,0,0,0,0,0,0,0,0,0,0,0,0,0,0,0,0,0,0,0,0,0,0,0,0,0,0,0,0,0,0.67318958,0,0,0,0,0,0,0,0,0],[0,0,0,0,0,0,0,0,0,0,0,0,0,0,0,0,0,0,0,0,0,0,0,0,0,0,0,0,0,0,0,0,0,0,0,0,0.87817391,0,0,0,0,0,0,0,0],[0,0,0,0,0,0,0,0,0,0,0,0,0,0,0,0,0,0,0,0,0,0,0,0,0,0,0,0,0,0,0,0,0,0,0,0,0,0.00370264,0,0,0,0,0,0,0],[0,0,0,0,0,0,0,0,0,0,0,0,0,0,0,0,0,0,0,0,0,0,0,0,0,0,0,0,0,0,0,0,0,0,0,0,0,0,0.57096544,0,0,0,0,0,0],[0,0,0,0,0,0,0,0,0,0,0,0,0,0,0,0,0,0,0,0,0,0,0,0,0,0,0,0,0,0,0,0,0,0,0,0,0,0,0,0.97516227,0,0,0,0,0],[0,0,0,0,0,0,0,0,0,0,0,0,0,0,0,0,0,0,0,0,0,0,0,0,0,0,0,0,0,0,0,0,0,0,0,0,0,0,0,0,0.094677,0,0,0,0],[0,0,0,0,0,0,0,0,0,0,0,0,0,0,0,0,0,0,0,0,0,0,0,0,0,0,0,0,0,0,0,0,0,0,0,0,0,0,0,0,0,0,0,0,0],[0,0,0,0,0,0,0,0,0,0,0,0,0,0,0,0,0,0,0,0,0,0,0,0,0,0,0,0,0,0,0,0,0,0,0,0,0,0,0,0,0,0,0,0,0],[0,0,0,0,0,0,0,0,0,0,0,0,0,0,0,0,0,0,0,0,0,0,0,0,0,0,0,0,0,0,0,0,0,0,0,0,0,0,0,0,0,0,0,0,0],[0,0,0,0,0,0,0,0,0,0,0,0,0,0,0,0,0,0,0,0,0,0,0,0,0,0,0,0,0,0,0,0,0,0,0,0,0,0,0,0,0,0,0,0,0]],"R":[[0.0001,0,0,0,0,0,0,0,0,0,0,0,0,0,0,0,0,0,0,0,0,0,0,0,0,0,0,0,0,0,0,0,0,0,0,0],[0,0.0001,0,0,0,0,0,0,0,0,0,0,0,0,0,0,0,0,0,0,0,0,0,0,0,0,0,0,0,0,0,0,0,0,0,0],[0,0,0.0001,0,0,0,0,0,0,0,0,0,0,0,0,0,0,0,0,0,0,0,0,0,0,0,0,0,0,0,0,0,0,0,0,0],[0,0,0,0.0001,0,0,0,0,0,0,0,0,0,0,0,0,0,0,0,0,0,0,0,0,0,0,0,0,0,0,0,0,0,0,0,0],[0,0,0,0,0.0001,0,0,0,0,0,0,0,0,0,0,0,0,0,0,0,0,0,0,0,0,0,0,0,0,0,0,0,0,0,0,0],[0,0,0,0,0,0.0001,0,0,0,0,0,0,0,0,0,0,0,0,0,0,0,0,0,0,0,0,0,0,0,0,0,0,0,0,0,0],[0,0,0,0,0,0,0.0001,0,0,0,0,0,0,0,0,0,0,0,0,0,0,0,0,0,0,0,0,0,0,0,0,0,0,0,0,0],[0,0,0,0,0,0,0,0.0001,0,0,0,0,0,0,0,0,0,0,0,0,0,0,0,0,0,0,0,0,0,0,0,0,0,0,0,0],[0,0,0,0,0,0,0,0,0.0001,0,0,0,0,0,0,0,0,0,0,0,0,0,0,0,0,0,0,0,0,0,0,0,0,0,0,0],[0,0,0,0,0,0,0,0,0,0.0001,0,0,0,0,0,0,0,0,0,0,0,0,0,0,0,0,0,0,0,0,0,0,0,0,0,0],[0,0,0,0,0,0,0,0,0,0,0.0001,0,0,0,0,0,0,0,0,0,0,0,0,0,0,0,0,0,0,0,0,0,0,0,0,0],[0,0,0,0,0,0,0,0,0,0,0,0.0001,0,0,0,0,0,0,0,0,0,0,0,0,0,0,0,0,0,0,0,0,0,0,0,0],[0,0,0,0,0,0,0,0,0,0,0,0,0.0001,0,0,0,0,0,0,0,0,0,0,0,0,0,0,0,0,0,0,0,0,0,0,0],[0,0,0,0,0,0,0,0,0,0,0,0,0,0.0001,0,0,0,0,0,0,0,0,0,0,0,0,0,0,0,0,0,0,0,0,0,0],[0,0,0,0,0,0,0,0,0,0,0,0,0,0,0.0001,0,0,0,0,0,0,0,0,0,0,0,0,0,0,0,0,0,0,0,0,0],[0,0,0,0,0,0,0,0,0,0,0,0,0,0,0,0.0001,0,0,0,0,0,0,0,0,0,0,0,0,0,0,0,0,0,0,0,0],[0,0,0,0,0,0,0,0,0,0,0,0,0,0,0,0,0.0001,0,0,0,0,0,0,0,0,0,0,0,0,0,0,0,0,0,0,0],[0,0,0,0,0,0,0,0,0,0,0,0,0,0,0,0,0,0.0001,0,0,0,0,0,0,0,0,0,0,0,0,0,0,0,0,0,0],[0,0,0,0,0,0,0,0,0,0,0,0,0,0,0,0,0,0,0.0001,0,0,0,0,0,0,0,0,0,0,0,0,0,0,0,0,0],[0,0,0,0,0,0,0,0,0,0,0,0,0,0,0,0,0,0,0,0.0001,0,0,0,0,0,0,0,0,0,0,0,0,0,0,0,0],[0,0,0,0,0,0,0,0,0,0,0,0,0,0,0,0,0,0,0,0,0.0001,0,0,0,0,0,0,0,0,0,0,0,0,0,0,0],[0,0,0,0,0,0,0,0,0,0,0,0,0,0,0,0,0,0,0,0,0,0.0001,0,0,0,0,0,0,0,0,0,0,0,0,0,0],[0,0,0,0,0,0,0,0,0,0,0,0,0,0,0,0,0,0,0,0,0,0,0.0001,0,0,0,0,0,0,0,0,0,0,0,0,0],[0,0,0,0,0,0,0,0,0,0,0,0,0,0,0,0,0,0,0,0,0,0,0,0.0001,0,0,0,0,0,0,0,0,0,0,0,0],[0,0,0,0,0,0,0,0,0,0,0,0,0,0,0,0,0,0,0,0,0,0,0,0,0.0001,0,0,0,0,0,0,0,0,0,0,0],[0,0,0,0,0,0,0,0,0,0,0,0,0,0,0,0,0,0,0,0,0,0,0,0,0,0.0001,0,0,0,0,0,0,0,0,0,0],[0,0,0,0,0,0,0,0,0,0,0,0,0,0,0,0,0,0,0,0,0,0,0,0,0,0,0.0001,0,0,0,0,0,0,0,0,0],[0,0,0,0,0,0,0,0,0,0,0,0,0,0,0,0,0,0,0,0,0,0,0,0,0,0,0,0.0001,0,0,0,0,0,0,0,0],[0,0,0,0,0,0,0,0,0,0,0,0,0,0,0,0,0,0,0,0,0,0,0,0,0,0,0,0,0.0001,0,0,0,0,0,0,0],[0,0,0,0,0,0,0,0,0,0,0,0,0,0,0,0,0,0,0,0,0,0,0,0,0,0,0,0,0,0.0001,0,0,0,0,0,0],[0,0,0,0,0,0,0,0,0,0,0,0,0,0,0,0,0,0,0,0,0,0,0,0,0,0,0,0,0,0,0.0001,0,0,0,0,0],[0,0,0,0,0,0,0,0,0,0,0,0,0,0,0,0,0,0,0,0,0,0,0,0,0,0,0,0,0,0,0,0.0001,0,0,0,0],[0,0,0,0,0,0,0,0,0,0,0,0,0,0,0,0,0,0,0,0,0,0,0,0,0,0,0,0,0,0,0,0,0.0001,0,0,0],[0,0,0,0,0,0,0,0,0,0,0,0,0,0,0,0,0,0,0,0,0,0,0,0,0,0,0,0,0,0,0,0,0,0.0001,0,0],[0,0,0,0,0,0,0,0,0,0,0,0,0,0,0,0,0,0,0,0,0,0,0,0,0,0,0,0,0,0,0,0,0,0,0.0001,0],[0,0,0,0,0,0,0,0,0,0,0,0,0,0,0,0,0,0,0,0,0,0,0,0,0,0,0,0,0,0,0,0,0,0,0,0.0001]],"means":[0.01726835,0.0003297,0.0127245,0.01308923,0.01183054,0.01258752,0.0152368,-9.54380685e-06,-9.52489886e-06,-0.00014344,0.01354383,0.01763241,0.01194199,0.00851081,0.01144189,0.00035816,0.00096197,0.00069672,-0.00051406,0.01103096,0.01053329,0.00018536,0.00697109,0.00274932,0.00579484,-0.00043037,0.00064032,0.00028196,0.00813143,-0.00078883,0.00737412,0.00592979,0.00606336,0.00080625,0.00684674,0.01512955],"sdevs":[0.06096963,1,1,1,0.03212728,0.03362091,0.7160342,1,1,1,0.04846807,0.03040424,1,0.07987168,0.0599327,1,0.13833261,0.12557823,0.06834391,0.36465061,1,1,0.03972242,1,1,0.07555901,0.04064359,0.03150694,0.03688612,1,0.17016042,0.1654025,1,0.1153885,0.19912601,0.01948842],"Z_last":[-0.07772033,-0.13483413,0.01077777,0.25884206,0.00262167,0.063652,0.00004651,-0.00492995,0.20178329,0.29929014,0.10193977,0.11715947,0.00271674,0.00002817,-0.00538343,-0.89914417,0.08128984,-0.1535583,-0.18744237,-0.12767803,0.00007131,0.69696895,0.60790511,0.37309487,0.631305,0.02373456,0.00007468,0.06112715,-0.00196963,0.00204767,-0.03108535,-0.06442768,0.20919255,0.08055316,0.00008362,0.52553417,1.02500805,0.02002337,0.4998903,1.34899434,0.06488079,-0.03882428,0.07812768,-0.02061666,0.00136162],"V_last":[[0.06923445,-0.00757309,0.00099806,-0.00014898,0.00001087,-0.00672853,-0.00003692,0.00061514,0.00120283,0.00189899,-0.00618764,-0.01626942,-0.00003175,-4.84282548e-07,-6.7295943e-06,0.00610606,0.00627678,-0.00014873,0.0032361,0.00183058,-2.32949585e-06,-0.01589804,-0.0272403,-0.0255908,-0.02806564,-0.00375556,-0.00004369,-0.00249613,-0.00357048,-0.00038813,-0.0263928,-0.015004,-0.01548121,-0.01445483,-0.00001153,-0.00295794,-0.00133301,-0.00068907,-0.02206085,-0.0030859,-0.00082809,0.00062937,-0.00099836,0.00053326,-0.00069633],[-0.00757309,0.06627103,-0.00719694,0.00093819,-0.00014449,0.00073626,-1.321372e-06,-0.00005427,-0.00013739,-0.00020773,0.00067677,0.00177992,7.16116499e-06,5.22081043e-09,1.07852481e-06,-0.00066771,-0.00068663,0.0000161,-0.00035402,-0.00020021,-1.67631634e-07,0.00173948,0.0029815,0.00280038,0.00307103,0.00041357,2.62814922e-06,0.00027319,0.00051156,0.00008021,0.00288817,0.0016415,0.0016937,0.00158134,5.35692713e-07,0.00032379,0.00014586,0.00008413,0.0024149,0.00033759,-0.00152519,0.00115568,-0.00183878,0.00097505,-0.00128077],[0.00099806,-0.00719694,0.06618277,-0.00719257,0.00093675,-0.00009703,-7.74309118e-07,7.74910045e-06,0.000018,0.00002738,-0.00008919,-0.00023457,-1.31027235e-06,-6.78697738e-09,-1.52519549e-07,0.000088,0.00009049,-2.1265163e-06,0.00004666,0.00002639,-6.88046581e-08,-0.00022923,-0.00039289,-0.00036904,-0.00040471,-0.00005444,-5.08858303e-07,-0.000036,-0.00006891,-0.00001357,-0.0003806,-0.00021633,-0.00022321,-0.0002084,-1.35919024e-07,-0.00004267,-0.00001922,-0.000011,-0.00031822,-0.00004449,-0.00254424,0.00195331,-0.00306757,0.00167795,-0.00214921],[-0.00014898,0.00093819,-0.00719257,0.06620443,-0.00718347,0.00001448,-3.32291362e-08,-1.1653714e-06,-2.6736966e-06,-4.08650906e-06,0.00001331,0.00003501,2.25121207e-07,3.89711128e-10,2.22940636e-08,-0.00001314,-0.00001351,3.17760898e-07,-6.96420159e-06,-3.9387602e-06,-7.69688531e-09,0.00003422,0.00005864,0.00005508,0.00006041,8.12064766e-06,7.00235374e-08,5.37341376e-06,0.00001001,2.18795798e-06,0.00005681,0.00003229,0.00003332,0.00003111,1.661077e-08,6.36842097e-06,2.86911745e-06,1.62041688e-06,0.0000475,6.64098036e-06,-0.00111297,0.00064232,-0.00134,0.00030589,-0.00083449],[0.00001087,-0.00014449,0.00093675,-0.00718347,0.06620366,-1.05685779e-06,-1.13690944e-08,7.1606545e-08,2.02007885e-07,2.98136537e-07,-9.71236271e-07,-2.55471162e-06,-3.23227038e-08,-3.95181882e-11,-2.22646014e-09,9.58124134e-07,9.85472708e-07,-2.29918954e-08,5.08107778e-07,2.87312407e-07,-1.87956534e-09,-2.49680733e-06,-4.28035927e-06,-4.01988981e-06,-4.40827179e-06,-5.95656605e-07,-3.39802623e-09,-3.92180432e-07,-9.08975039e-07,-2.82735108e-07,-4.1459297e-06,-2.35605729e-06,-2.43096836e-06,-2.26964511e-06,-7.67215522e-10,-4.64874291e-07,-2.09366478e-07,-1.29187897e-07,-3.46714427e-06,-4.84526583e-07,0.00002233,-0.0004082,0.00003044,-0.0008039,0.00021014],[-0.00672853,0.00073626,-0.00009703,0.00001448,-1.05685779e-06,0.0007539,3.58849097e-06,-0.00005978,-0.0001169,-0.00018455,0.00060134,0.00158114,3.08545112e-06,4.70646879e-08,6.54015457e-07,-0.00059342,-0.00061001,0.00001445,-0.0003145,-0.0001779,2.26389758e-07,0.00154505,0.00264734,0.00248704,0.00272755,0.00036498,4.24635692e-06,0.00024259,0.000347,0.00003772,0.00256498,0.00145816,0.00150454,0.00140479,1.12069379e-06,0.00028747,0.00012955,0.00006697,0.00214398,0.0002999,0.00008047,-0.00006116,0.00009702,-0.00005182,0.00006767],[-0.00003692,-1.321372e-06,-7.74309118e-07,-3.32291362e-08,-1.13690944e-08,3.58849097e-06,2.45431875e-06,-3.29138691e-07,-6.41027235e-07,-1.01278295e-06,3.30004236e-06,8.6769064e-06,1.66356421e-08,2.6225618e-10,3.56126171e-09,-3.25654764e-06,-3.3475739e-06,7.93376548e-08,-1.72589964e-06,-9.76303645e-07,1.27803542e-09,8.47882194e-06,0.00001453,0.00001365,0.00001497,2.00271556e-06,2.3480704e-08,1.3312438e-06,1.89437637e-06,2.03953825e-07,0.00001408,8.00202336e-06,8.25653188e-06,7.70914218e-06,6.21017915e-09,1.57752891e-06,7.10927375e-07,3.66787221e-07,0.00001177,1.64579441e-06,6.10669408e-07,-4.63537484e-07,7.36233199e-07,-3.92052177e-07,5.1321564e-07],[0.00061514,-0.00005427,7.74910045e-06,-1.1653714e-06,7.1606545e-08,-0.00005978,-3.29138691e-07,0.00009762,0.00001069,0.00001687,-0.00005498,-0.00014455,-2.81345039e-07,-4.31228367e-09,-5.97232282e-08,0.00005425,0.00005577,-1.32151184e-06,0.00002875,0.00001626,-2.07815358e-08,-0.00014125,-0.00024202,-0.00022737,-0.00024936,-0.00003337,-3.88639455e-07,-0.00002218,-0.0000317,-3.44093749e-06,-0.0002345,-0.00013331,-0.00013755,-0.00012843,-1.02600845e-07,-0.00002628,-0.00001184,-6.12056741e-06,-0.00019601,-0.00002742,-7.69093901e-06,5.84474457e-06,-9.27238538e-06,4.95138771e-06,-6.46695242e-06],[0.00120283,-0.00013739,0.000018,-2.6736966e-06,2.02007885e-07,-0.0001169,-6.41027235e-07,0.00001069,0.00011591,0.00003299,-0.0001075,-0.00028265,-5.51898941e-07,-8.40934985e-09,-1.16945858e-07,0.00010608,0.00010905,-2.58399655e-06,0.00005622,0.0000318,-4.0433534e-08,-0.0002762,-0.00047325,-0.0004446,-0.00048759,-0.00006525,-7.58913981e-07,-0.00004337,-0.00006204,-6.74639506e-06,-0.00045853,-0.00026067,-0.00026896,-0.00025113,-2.0027781e-07,-0.00005139,-0.00002316,-0.00001197,-0.00038327,-0.00005361,-0.00001424,0.00001083,-0.00001717,9.17330641e-06,-0.00001198],[0.00189899,-0.00020773,0.00002738,-4.08650906e-06,2.98136537e-07,-0.00018455,-1.01278295e-06,0.00001687,0.00003299,0.00015208,-0.00016972,-0.00044624,-8.70801478e-07,-1.32830861e-08,-1.84582068e-07,0.00016748,0.00017216,-4.07954803e-06,0.00008876,0.00005021,-6.38942618e-08,-0.00043606,-0.00074716,-0.00070191,-0.0007698,-0.00010301,-1.19844895e-06,-0.00006846,-0.00009793,-0.00001065,-0.00072391,-0.00041154,-0.00042462,-0.00039647,-3.16293466e-07,-0.00008113,-0.00003656,-0.0000189,-0.00060509,-0.00008464,-0.00002271,0.00001726,-0.00002738,0.00001463,-0.0000191],[-0.00618764,0.00067677,-0.00008919,0.00001331,-9.71236271e-07,0.00060134,3.30004236e-06,-0.00005498,-0.0001075,-0.00016972,0.00065299,0.00145403,2.8373993e-06,4.32814491e-08,6.01438557e-07,-0.00054571,-0.00056097,0.00001329,-0.00028922,-0.0001636,2.08192578e-07,0.00142084,0.00243453,0.00228711,0.00250829,0.00033564,3.90500863e-06,0.00022308,0.0003191,0.00003469,0.00235878,0.00134094,0.00138359,0.00129186,1.03060626e-06,0.00026436,0.00011913,0.00006158,0.00197163,0.00027579,0.00007401,-0.00005625,0.00008923,-0.00004766,0.00006223],[-0.01626942,0.00177992,-0.00023457,0.00003501,-2.55471162e-06,0.00158114,8.6769064e-06,-0.00014455,-0.00028265,-0.00044624,0.00145403,0.00392314,7.46052208e-06,1.13801449e-07,1.58139073e-06,-0.00143487,-0.00147498,0.00003495,-0.00076045,-0.00043017,5.47406784e-07,0.00373588,0.0064012,0.00601359,0.00659515,0.00088252,0.00001027,0.00058657,0.00083903,0.00009121,0.00620205,0.00352579,0.00363793,0.00339674,2.70981244e-06,0.00069509,0.00031324,0.00016193,0.00518408,0.00072516,0.00019458,-0.00014789,0.0002346,-0.0001253,0.00016362],[-0.00003175,7.16116499e-06,-1.31027235e-06,2.25121207e-07,-3.23227038e-08,3.08545112e-06,1.66356421e-08,-2.81345039e-07,-5.51898941e-07,-8.70801478e-07,2.8373993e-06,7.46052208e-06,0.00007393,2.19415271e-10,3.10535014e-09,-2.79998442e-06,-2.87828142e-06,6.81944092e-08,-1.48394952e-06,-8.39431283e-07,1.04495224e-09,7.29023025e-06,0.00001249,0.00001173,0.00001287,1.72230416e-06,1.99157237e-08,1.1446345e-06,1.64412838e-06,1.80134215e-07,0.0000121,6.88025128e-06,7.09907985e-06,6.62841775e-06,5.24736607e-09,1.35640415e-06,6.11267917e-07,3.16476302e-07,0.00001012,1.41507417e-06,3.06263718e-07,-2.33239481e-07,3.69243514e-07,-1.98167454e-07,2.57769953e-07],[-4.84282548e-07,5.22081043e-09,-6.78697738e-09,3.89711128e-10,-3.95181882e-11,4.70646879e-08,2.6225618e-10,-4.31228367e-09,-8.40934985e-09,-1.32830861e-08,4.32814491e-08,1.13801449e-07,2.19415271e-10,1.48324063e-06,4.68238473e-11,-4.27109491e-08,-4.39048839e-08,1.04049069e-09,-2.26359273e-08,-1.28046309e-08,1.66089368e-11,1.11203549e-07,1.90539631e-07,1.79002212e-07,1.96313326e-07,2.62674262e-08,3.07208132e-10,1.7459884e-08,2.48868747e-08,2.68761395e-09,1.84612009e-07,1.04950068e-07,1.08288056e-07,1.01108774e-07,8.1194748e-11,2.06900499e-08,9.32413349e-09,4.81357727e-09,1.54310348e-07,2.15853124e-08,7.18828148e-09,-5.46023081e-09,8.66634646e-09,-4.62269756e-09,6.04303988e-09],[-6.7295943e-06,1.07852481e-06,-1.52519549e-07,2.22940636e-08,-2.22646014e-09,6.54015457e-07,3.56126171e-09,-5.97232282e-08,-1.16945858e-07,-1.84582068e-07,6.01438557e-07,1.58139073e-06,3.10535014e-09,4.68238473e-11,0.00007896,-5.93508733e-07,-6.10103518e-07,1.44561431e-08,-3.145497e-07,-1.7793285e-07,2.24239423e-10,1.54529307e-06,2.64776906e-06,2.48743427e-06,2.72798878e-06,3.65054968e-07,4.23581091e-09,2.42625012e-07,3.47685083e-07,3.79245224e-08,2.56538904e-06,1.45839183e-06,1.50477652e-06,1.40501177e-06,1.11709007e-09,2.87512817e-07,1.29568985e-07,6.70239734e-08,2.14432573e-06,2.9995033e-07,7.27774152e-08,-5.53399632e-08,8.77425363e-08,-4.69195617e-08,6.12114121e-08],[0.00610606,-0.00066771,0.000088,-0.00001314,9.58124134e-07,-0.00059342,-3.25654764e-06,0.00005425,0.00010608,0.00016748,-0.00054571,-0.00143487,-2.79998442e-06,-4.27109491e-08,-5.93508733e-07,0.00063851,0.00055357,-0.00001312,0.0002854,0.00016145,-2.05448771e-07,-0.00140211,-0.00240243,-0.00225695,-0.00247522,-0.00033122,-3.85353142e-06,-0.00022014,-0.00031489,-0.00003423,-0.00232769,-0.00132326,-0.00136535,-0.00127483,-1.01702078e-06,-0.00026087,-0.00011756,-0.00006077,-0.00194563,-0.00027216,-0.00007304,0.00005551,-0.00008806,0.00004703,-0.00006142],[0.00627678,-0.00068663,0.00009049,-0.00001351,9.85472708e-07,-0.00061001,-3.3475739e-06,0.00005577,0.00010905,0.00017216,-0.00056097,-0.00147498,-2.87828142e-06,-4.39048839e-08,-6.10103518e-07,0.00055357,0.00066904,-0.00001348,0.00029338,0.00016596,-2.11191097e-07,-0.00144131,-0.0024696,-0.00232006,-0.00254442,-0.00034048,-3.96126085e-06,-0.0002263,-0.0003237,-0.00003519,-0.00239276,-0.00136026,-0.00140352,-0.00131047,-1.04545202e-06,-0.00026817,-0.00012085,-0.00006247,-0.00200003,-0.00027977,-0.00007507,0.00005706,-0.00009051,0.00004834,-0.00006313],[-0.00014873,0.0000161,-2.1265163e-06,3.17760898e-07,-2.29918954e-08,0.00001445,7.93376548e-08,-1.32151184e-06,-2.58399655e-06,-4.07954803e-06,0.00001329,0.00003495,6.81944092e-08,1.04049069e-09,1.44561431e-08,-0.00001312,-0.00001348,0.00009902,-6.95203029e-06,-3.93259462e-06,5.00545195e-09,0.00003415,0.00005852,0.00005498,0.00006029,8.06795261e-06,9.38714561e-08,5.36237061e-06,7.67005358e-06,8.33705411e-07,0.0000567,0.00003223,0.00003326,0.00003105,2.47748609e-08,6.3544499e-06,2.86366944e-06,1.48029864e-06,0.00004739,6.62936173e-06,1.78301554e-06,-1.35514498e-06,2.14964867e-06,-1.14817638e-06,1.49932393e-06],[0.0032361,-0.00035402,0.00004666,-6.96420159e-06,5.08107778e-07,-0.0003145,-1.72589964e-06,0.00002875,0.00005622,0.00008876,-0.00028922,-0.00076045,-1.48394952e-06,-2.26359273e-08,-3.145497e-07,0.0002854,0.00029338,-6.95203029e-06,0.00025125,0.00008556,-1.08883206e-07,-0.00074309,-0.00127324,-0.00119615,-0.00131182,-0.00017554,-2.04229744e-06,-0.00011667,-0.00016689,-0.00001814,-0.00123363,-0.00070131,-0.00072361,-0.00067564,-5.39001077e-07,-0.00013826,-0.00006231,-0.00003221,-0.00103115,-0.00014424,-0.0000387,0.00002942,-0.00004666,0.00002492,-0.00003255],[0.00183058,-0.00020021,0.00002639,-3.9387602e-06,2.87312407e-07,-0.0001779,-9.76303645e-07,0.00001626,0.0000318,0.00005021,-0.0001636,-0.00043017,-8.39431283e-07,-1.28046309e-08,-1.7793285e-07,0.00016145,0.00016596,-3.93259462e-06,0.00008556,0.00014839,-6.15929119e-08,-0.00042035,-0.00072024,-0.00067663,-0.00074207,-0.0000993,-1.15527968e-06,-0.000066,-0.0000944,-0.00001026,-0.00069784,-0.00039671,-0.00040933,-0.00038219,-3.04900369e-07,-0.00007821,-0.00003525,-0.00001822,-0.0005833,-0.00008159,-0.0000219,0.00001664,-0.0000264,0.0000141,-0.00001841],[-2.32949585e-06,-1.67631634e-07,-6.88046581e-08,-7.69688531e-09,-1.87956534e-09,2.26389758e-07,1.27803542e-09,-2.07815358e-08,-4.0433534e-08,-6.38942618e-08,2.08192578e-07,5.47406784e-07,1.04495224e-09,1.66089368e-11,2.24239423e-10,-2.05448771e-07,-2.11191097e-07,5.00545195e-09,-1.08883206e-07,-6.15929119e-08,2.98140801e-06,5.34909832e-07,9.16528198e-07,8.61032957e-07,9.44303045e-07,1.2634341e-07,1.4841672e-09,8.39850871e-08,1.19358176e-07,1.28200683e-08,8.88017016e-07,5.04829881e-07,5.20886272e-07,4.86352762e-07,3.92743002e-10,9.95225638e-08,4.48508022e-08,2.31285903e-08,7.42258281e-07,1.03829542e-07,4.19635772e-08,-3.18215346e-08,5.05917036e-08,-2.68771569e-08,3.52514736e-08],[-0.01589804,0.00173948,-0.00022923,0.00003422,-2.49680733e-06,0.00154505,8.47882194e-06,-0.00014125,-0.0002762,-0.00043606,0.00142084,0.00373588,7.29023025e-06,1.11203549e-07,1.54529307e-06,-0.00140211,-0.00144131,0.00003415,-0.00074309,-0.00042035,5.34909832e-07,0.00375059,0.00625508,0.00587632,0.0064446,0.00086237,0.00001003,0.00057318,0.00081988,0.00008912,0.00606048,0.00344531,0.00355489,0.00331921,2.64795306e-06,0.00067922,0.00030609,0.00015823,0.00506575,0.0007086,0.00019014,-0.00014451,0.00022923,-0.00012244,0.00015989],[-0.0272403,0.0029815,-0.00039289,0.00005864,-4.28035927e-06,0.00264734,0.00001453,-0.00024202,-0.00047325,-0.00074716,0.00243453,0.0064012,0.00001249,1.90539631e-07,2.64776906e-06,-0.00240243,-0.0024696,0.00005852,-0.00127324,-0.00072024,9.16528198e-07,0.00625508,0.01081768,0.0100687,0.01104243,0.00147762,0.00001719,0.0009821,0.00140481,0.00015271,0.01038425,0.00590332,0.00609108,0.00568725,4.53709183e-06,0.0011638,0.00052447,0.00027112,0.00867984,0.00121415,0.00032576,-0.00024759,0.00039275,-0.00020978,0.00027393],[-0.0255908,0.00280038,-0.00036904,0.00005508,-4.01988981e-06,0.00248704,0.00001365,-0.00022737,-0.0004446,-0.00070191,0.00228711,0.00601359,0.00001173,1.79002212e-07,2.48743427e-06,-0.00225695,-0.00232006,0.00005498,-0.00119615,-0.00067663,8.61032957e-07,0.00587632,0.0100687,0.00955899,0.01037377,0.00138815,0.00001615,0.00092263,0.00131974,0.00014346,0.00975545,0.00554586,0.00572225,0.00534287,4.26236143e-06,0.00109333,0.00049271,0.0002547,0.00815425,0.00114063,0.00030605,-0.00023261,0.00036898,-0.00019709,0.00025736],[-0.02806564,0.00307103,-0.00040471,0.00006041,-4.40827179e-06,0.00272755,0.00001497,-0.00024936,-0.00048759,-0.0007698,0.00250829,0.00659515,0.00001287,1.96313326e-07,2.72798878e-06,-0.00247522,-0.00254442,0.00006029,-0.00131182,-0.00074207,9.44303045e-07,0.0064446,0.01104243,0.01037377,0.01147699,0.00152239,0.00001771,0.00101186,0.00144737,0.00015734,0.01069888,0.00608219,0.00627563,0.00585957,4.67456881e-06,0.00119906,0.00054036,0.00027933,0.00894283,0.00125094,0.00033565,-0.00025511,0.00040467,-0.00021615,0.00028225],[-0.00375556,0.00041357,-0.00005444,8.12064766e-06,-5.95656605e-07,0.00036498,2.00271556e-06,-0.00003337,-0.00006525,-0.00010301,0.00033564,0.00088252,1.72230416e-06,2.62674262e-08,3.65054968e-07,-0.00033122,-0.00034048,8.06795261e-06,-0.00017554,-0.0000993,1.2634341e-07,0.00086237,0.00147762,0.00138815,0.00152239,0.0003035,2.37003443e-06,0.0001354,0.00019368,0.00002106,0.00143165,0.00081388,0.00083976,0.00078409,6.25490527e-07,0.00016045,0.00007231,0.00003738,0.00119667,0.00016739,0.00004485,-0.00003409,0.00005407,-0.00002888,0.00003771],[-0.00004369,2.62814922e-06,-5.08858303e-07,7.00235374e-08,-3.39802623e-09,4.24635692e-06,2.3480704e-08,-3.88639455e-07,-7.58913981e-07,-1.19844895e-06,3.90500863e-06,0.00001027,1.99157237e-08,3.07208132e-10,4.23581091e-09,-3.85353142e-06,-3.96126085e-06,9.38714561e-08,-2.04229744e-06,-1.15527968e-06,1.4841672e-09,0.00001003,0.00001719,0.00001615,0.00001771,2.37003443e-06,2.79321117e-06,1.57529946e-06,2.24935129e-06,2.4371108e-07,0.00001666,9.4689887e-06,9.7701541e-06,9.12241012e-06,7.30151627e-09,1.86673981e-06,8.41258975e-07,4.34586438e-07,0.00001392,1.9475071e-06,5.80475423e-07,-4.41078504e-07,6.99834964e-07,-3.73596233e-07,4.88067359e-07],[-0.00249613,0.00027319,-0.000036,5.37341376e-06,-3.92180432e-07,0.00024259,1.3312438e-06,-0.00002218,-0.00004337,-0.00006846,0.00022308,0.00058657,1.1446345e-06,1.7459884e-08,2.42625012e-07,-0.00022014,-0.0002263,5.36237061e-06,-0.00011667,-0.000066,8.39850871e-08,0.00057318,0.0009821,0.00092263,0.00101186,0.0001354,1.57529946e-06,0.00018998,0.00012873,0.00001399,0.00095155,0.00054094,0.00055815,0.00052114,4.15751157e-07,0.00010664,0.00004806,0.00002484,0.00079537,0.00011126,0.00002985,-0.00002269,0.00003599,-0.00001922,0.0000251],[-0.00357048,0.00051156,-0.00006891,0.00001001,-9.08975039e-07,0.000347,1.89437637e-06,-0.0000317,-0.00006204,-0.00009793,0.0003191,0.00083903,1.64412838e-06,2.48868747e-08,3.47685083e-07,-0.00031489,-0.0003237,7.67005358e-06,-0.00016689,-0.0000944,1.19358176e-07,0.00081988,0.00140481,0.00131974,0.00144737,0.00019368,2.24935129e-06,0.00012873,0.00027851,0.00002009,0.0013611,0.00077377,0.00079838,0.00074545,5.93355842e-07,0.00015254,0.00006874,0.00003555,0.0011377,0.00015914,0.00003989,-0.00003033,0.0000481,-0.00002571,0.00003355],[-0.00038813,0.00008021,-0.00001357,2.18795798e-06,-2.82735108e-07,0.00003772,2.03953825e-07,-3.44093749e-06,-6.74639506e-06,-0.00001065,0.00003469,0.00009121,1.80134215e-07,2.68761395e-09,3.79245224e-08,-0.00003423,-0.00003519,8.33705411e-07,-0.00001814,-0.00001026,1.28200683e-08,0.00008912,0.00015271,0.00014346,0.00015734,0.00002106,2.4371108e-07,0.00001399,0.00002009,0.00008088,0.00014796,0.00008411,0.00008679,0.00008103,6.42299835e-08,0.00001658,7.47283767e-06,3.86798667e-06,0.00012367,0.0000173,3.86247e-06,-2.93979935e-06,4.65672941e-06,-2.49573507e-06,3.25002332e-06],[-0.0263928,0.00288817,-0.0003806,0.00005681,-4.1459297e-06,0.00256498,0.00001408,-0.0002345,-0.00045853,-0.00072391,0.00235878,0.00620205,0.0000121,1.84612009e-07,2.56538904e-06,-0.00232769,-0.00239276,0.0000567,-0.00123363,-0.00069784,8.88017016e-07,0.00606048,0.01038425,0.00975545,0.01069888,0.00143165,0.00001666,0.00095155,0.0013611,0.00014796,0.01016116,0.00571966,0.00590158,0.00551031,4.39594086e-06,0.00112759,0.00050816,0.00026268,0.0084098,0.00117637,0.00031564,-0.0002399,0.00038055,-0.00020326,0.00026542],[-0.015004,0.0016415,-0.00021633,0.00003229,-2.35605729e-06,0.00145816,8.00202336e-06,-0.00013331,-0.00026067,-0.00041154,0.00134094,0.00352579,6.88025128e-06,1.04950068e-07,1.45839183e-06,-0.00132326,-0.00136026,0.00003223,-0.00070131,-0.00039671,5.04829881e-07,0.00344531,0.00590332,0.00554586,0.00608219,0.00081388,9.4689887e-06,0.00054094,0.00077377,0.00008411,0.00571966,0.00335155,0.00335498,0.00313255,2.49904565e-06,0.00064102,0.00028888,0.00014933,0.00478087,0.00066876,0.00017945,-0.00013639,0.00021635,-0.00011556,0.0001509],[-0.01548121,0.0016937,-0.00022321,0.00003332,-2.43096836e-06,0.00150454,8.25653188e-06,-0.00013755,-0.00026896,-0.00042462,0.00138359,0.00363793,7.09907985e-06,1.08288056e-07,1.50477652e-06,-0.00136535,-0.00140352,0.00003326,-0.00072361,-0.00040933,5.20886272e-07,0.00355489,0.00609108,0.00572225,0.00627563,0.00083976,9.7701541e-06,0.00055815,0.00079838,0.00008679,0.00590158,0.00335498,0.00356167,0.00323218,2.57852894e-06,0.00066141,0.00029807,0.00015408,0.00493293,0.00069003,0.00018516,-0.00014073,0.00022323,-0.00011923,0.0001557],[-0.01445483,0.00158134,-0.0002084,0.00003111,-2.26964511e-06,0.00140479,7.70914218e-06,-0.00012843,-0.00025113,-0.00039647,0.00129186,0.00339674,6.62841775e-06,1.01108774e-07,1.40501177e-06,-0.00127483,-0.00131047,0.00003105,-0.00067564,-0.00038219,4.86352762e-07,0.00331921,0.00568725,0.00534287,0.00585957,0.00078409,9.12241012e-06,0.00052114,0.00074545,0.00008103,0.00551031,0.00313255,0.00323218,0.00311788,2.40757719e-06,0.00061756,0.00027831,0.00014387,0.00460588,0.00064428,0.00017288,-0.0001314,0.00020843,-0.00011133,0.00014538],[-0.00001153,5.35692713e-07,-1.35919024e-07,1.661077e-08,-7.67215522e-10,1.12069379e-06,6.21017915e-09,-1.02600845e-07,-2.0027781e-07,-3.16293466e-07,1.03060626e-06,2.70981244e-06,5.24736607e-09,8.1194748e-11,1.11709007e-09,-1.01702078e-06,-1.04545202e-06,2.47748609e-08,-5.39001077e-07,-3.04900369e-07,3.92743002e-10,2.64795306e-06,4.53709183e-06,4.26236143e-06,4.67456881e-06,6.25490527e-07,7.30151627e-09,4.15751157e-07,5.93355842e-07,6.42299835e-08,4.39594086e-06,2.49904565e-06,2.57852894e-06,2.40757719e-06,3.73673751e-06,4.92667596e-07,2.22024144e-07,1.14674546e-07,3.67440921e-06,5.13984102e-07,1.57908292e-07,-1.19979493e-07,1.90377915e-07,-1.0161368e-07,1.32766159e-07],[-0.00295794,0.00032379,-0.00004267,6.36842097e-06,-4.64874291e-07,0.00028747,1.57752891e-06,-0.00002628,-0.00005139,-0.00008113,0.00026436,0.00069509,1.35640415e-06,2.06900499e-08,2.87512817e-07,-0.00026087,-0.00026817,6.3544499e-06,-0.00013826,-0.00007821,9.95225638e-08,0.00067922,0.0011638,0.00109333,0.00119906,0.00016045,1.86673981e-06,0.00010664,0.00015254,0.00001658,0.00112759,0.00064102,0.00066141,0.00061756,4.92667596e-07,0.00022636,0.00005695,0.00002944,0.00094252,0.00013184,0.00003537,-0.00002688,0.00004265,-0.00002278,0.00002974],[-0.00133301,0.00014586,-0.00001922,2.86911745e-06,-2.09366478e-07,0.00012955,7.10927375e-07,-0.00001184,-0.00002316,-0.00003656,0.00011913,0.00031324,6.11267917e-07,9.32413349e-09,1.29568985e-07,-0.00011756,-0.00012085,2.86366944e-06,-0.00006231,-0.00003525,4.48508022e-08,0.00030609,0.00052447,0.00049271,0.00054036,0.00007231,8.41258975e-07,0.00004806,0.00006874,7.47283767e-06,0.00050816,0.00028888,0.00029807,0.00027831,2.22024144e-07,0.00005695,0.00012565,0.00001327,0.00042475,0.00005941,0.00001594,-0.00001212,0.00001922,-0.00001027,0.00001341],[-0.00068907,0.00008413,-0.000011,1.62041688e-06,-1.29187897e-07,0.00006697,3.66787221e-07,-6.12056741e-06,-0.00001197,-0.0000189,0.00006158,0.00016193,3.16476302e-07,4.81357727e-09,6.70239734e-08,-0.00006077,-0.00006247,1.48029864e-06,-0.00003221,-0.00001822,2.31285903e-08,0.00015823,0.00027112,0.0002547,0.00027933,0.00003738,4.34586438e-07,0.00002484,0.00003555,3.86798667e-06,0.00026268,0.00014933,0.00015408,0.00014387,1.14674546e-07,0.00002944,0.00001327,0.00010425,0.00021957,0.00003071,8.03046498e-06,-6.10394307e-06,9.68173682e-06,-5.17234413e-06,6.75303011e-06],[-0.02206085,0.0024149,-0.00031822,0.0000475,-3.46714427e-06,0.00214398,0.00001177,-0.00019601,-0.00038327,-0.00060509,0.00197163,0.00518408,0.00001012,1.54310348e-07,2.14432573e-06,-0.00194563,-0.00200003,0.00004739,-0.00103115,-0.0005833,7.42258281e-